521
1 0 1
a
1 1 1
a
1 2 1
a
1 3 1
a
2 0 1
a*
2 1 1
a*
2 1 2
a*
2 2 1
a*
2 2 2
a*
2 2 3
a*
2 3 1
a*
2 3 2
a*
2 3 3
a*
2 3 4
a*
2 0 1
*a
2 1 1
*a
2 1 2
*a
2 2 1
*a
2 2 2
*a
2 2 3
*a
2 3 1
*a
2 3 2
*a
2 3 3
*a
2 3 4
*a
2 0 1
aa
2 1 1
aa
2 2 1
aa
2 3 1
aa
3 0 1
a**
3 1 1
a**
3 1 2
a**
3 1 3
a**
3 2 1
a**
3 2 2
a**
3 2 3
a**
3 2 4
a**
3 2 5
a**
3 3 1
a**
3 3 2
a**
3 3 3
a**
3 3 4
a**
3 3 5
a**
3 3 6
a**
3 3 7
a**
3 0 1